,CH2(Unit:V),CH3(Unit:V)
Frequency:,30.000 kHz,30.000 kHz
Period:,33.333 uS,33.333 uS
PK-PK:,160mV,4.96V
1,0.040,-1.960
2,0.040,-1.920
3,0.040,-1.920
4,0.040,-1.920
5,0.040,-1.920
6,0.040,-1.880
7,0.040,-1.880
8,0.040,-1.840
9,0.040,-1.840
10,0.040,-1.800
11,0.040,-1.800
12,0.040,-1.760
13,0.040,-1.800
14,0.040,-1.760
15,0.040,-1.760
16,0.040,-1.720
17,0.040,-1.720
18,0.040,-1.680
19,0.040,-1.680
20,0.060,-1.640
21,0.040,-1.640
22,0.060,-1.600
23,0.040,-1.600
24,0.060,-1.560
25,0.040,-1.560
26,0.060,-1.520
27,0.040,-1.520
28,0.060,-1.520
29,0.040,-1.480
30,0.060,-1.440
31,0.040,-1.440
32,0.060,-1.400
33,0.040,-1.400
34,0.060,-1.400
35,0.040,-1.360
36,0.060,-1.360
37,0.060,-1.360
38,0.060,-1.320
39,0.040,-1.320
40,0.060,-1.280
41,0.040,-1.240
42,0.060,-1.240
43,0.040,-1.240
44,0.060,-1.160
45,0.060,-1.160
46,0.060,-1.160
47,0.060,-1.160
48,0.060,-1.080
49,0.060,-1.080
50,0.060,-1.040
51,0.060,-1.040
52,0.060,-1.000
53,0.060,-1.000
54,0.060,-0.960
55,0.060,-0.960
56,0.060,-0.920
57,0.060,-0.920
58,0.060,-0.880
59,0.060,-0.880
60,0.060,-0.840
61,0.060,-0.840
62,0.060,-0.800
63,0.060,-0.800
64,0.060,-0.760
65,0.060,-0.760
66,0.060,-0.720
67,0.060,-0.720
68,0.060,-0.640
69,0.060,-0.640
70,0.060,-0.600
71,0.060,-0.600
72,0.060,-0.560
73,0.060,-0.560
74,0.060,-0.520
75,0.060,-0.520
76,0.080,-0.480
77,0.060,-0.480
78,0.060,-0.440
79,0.060,-0.440
80,0.080,-0.400
81,0.060,-0.360
82,0.060,-0.320
83,0.060,-0.320
84,0.060,-0.280
85,0.060,-0.280
86,0.080,-0.240
87,0.060,-0.240
88,0.080,-0.200
89,0.060,-0.200
90,0.060,-0.160
91,0.060,-0.160
92,0.060,-0.120
93,0.060,-0.080
94,0.060,-0.040
95,0.060,-0.040
96,0.060,0.000
97,0.060,0.000
98,0.080,0.040
99,0.060,0.040
100,0.060,0.080
101,0.060,0.080
102,0.060,0.120
103,0.060,0.120
104,0.060,0.200
105,0.060,0.200
106,0.060,0.240
107,0.060,0.240
108,0.080,0.280
109,0.060,0.280
110,0.060,0.320
111,0.060,0.320
112,0.060,0.360
113,0.060,0.360
114,0.060,0.400
115,0.060,0.400
116,0.080,0.480
117,0.060,0.480
118,0.060,0.520
119,0.060,0.520
120,0.060,0.560
121,0.060,0.560
122,0.060,0.600
123,0.060,0.600
124,0.060,0.640
125,0.060,0.640
126,0.060,0.680
127,0.060,0.680
128,0.060,0.720
129,0.060,0.720
130,0.060,0.760
131,0.060,0.800
132,0.060,0.840
133,0.060,0.840
134,0.060,0.880
135,0.060,0.880
136,0.060,0.920
137,0.060,0.920
138,0.060,0.960
139,0.060,0.960
140,0.060,1.000
141,0.060,1.000
142,0.060,1.040
143,0.060,1.040
144,0.060,1.080
145,0.060,1.080
146,0.060,1.120
147,0.060,1.120
148,0.060,1.160
149,0.060,1.160
150,0.060,1.200
151,0.060,1.200
152,0.060,1.240
153,0.060,1.240
154,0.060,1.280
155,0.060,1.280
156,0.060,1.320
157,0.060,1.320
158,0.060,1.360
159,0.060,1.360
160,0.060,1.400
161,0.040,1.400
162,0.060,1.440
163,0.040,1.440
164,0.060,1.480
165,0.040,1.480
166,0.060,1.520
167,0.060,1.520
168,0.060,1.560
169,0.040,1.560
170,0.060,1.600
171,0.040,1.600
172,0.060,1.640
173,0.040,1.640
174,0.060,1.680
175,0.040,1.680
176,0.060,1.720
177,0.040,1.720
178,0.060,1.720
179,0.040,1.760
180,0.060,1.760
181,0.040,1.760
182,0.040,1.800
183,0.040,1.800
184,0.060,1.840
185,0.040,1.840
186,0.040,1.880
187,0.040,1.880
188,0.040,1.880
189,0.020,1.880
190,0.040,1.920
191,0.040,1.920
192,0.060,1.960
193,0.020,1.960
194,0.040,2.000
195,0.040,2.000
196,0.040,2.000
197,0.040,2.000
198,0.040,2.040
199,0.040,2.040
200,0.060,2.080
201,0.040,2.080
202,0.040,2.080
203,0.040,2.080
204,0.040,2.120
205,0.020,2.120
206,0.040,2.160
207,0.020,2.160
208,0.040,2.160
209,0.020,2.160
210,0.040,2.200
211,0.040,2.200
212,0.040,2.200
213,0.020,2.200
214,0.040,2.240
215,0.020,2.240
216,0.040,2.240
217,0.020,2.240
218,0.040,2.280
219,0.020,2.280
220,0.040,2.280
221,0.020,2.280
222,0.020,2.320
223,0.020,2.320
224,0.020,2.320
225,0.020,2.320
226,0.020,2.360
227,0.020,2.360
228,0.020,2.360
229,0.020,2.360
230,0.020,2.360
231,0.020,2.360
232,0.020,2.400
233,0.020,2.400
234,0.020,2.400
235,0.020,2.400
236,0.020,2.400
237,0.000,2.400
238,0.020,2.440
239,0.000,2.440
240,0.020,2.440
241,0.000,2.440
242,0.020,2.440
243,0.000,2.440
244,0.020,2.440
245,0.000,2.440
246,0.020,2.480
247,0.000,2.440
248,0.020,2.480
249,0.000,2.480
250,0.020,2.480
251,0.000,2.480
252,0.020,2.480
253,0.000,2.480
254,0.020,2.480
255,0.000,2.480
256,0.000,2.480
257,0.000,2.480
258,0.000,2.480
259,0.000,2.480
260,0.000,2.480
261,0.000,2.480
262,0.000,2.480
263,0.000,2.480
264,0.000,2.480
265,0.000,2.480
266,0.000,2.480
267,0.000,2.480
268,0.000,2.480
269,0.000,2.480
270,0.000,2.480
271,0.000,2.480
272,0.000,2.480
273,-0.020,2.480
274,0.000,2.480
275,-0.020,2.480
276,0.000,2.480
277,-0.020,2.480
278,0.000,2.480
279,-0.020,2.440
280,0.000,2.480
281,-0.020,2.440
282,0.000,2.480
283,-0.020,2.440
284,-0.020,2.440
285,-0.020,2.440
286,-0.020,2.440
287,-0.020,2.440
288,0.000,2.440
289,-0.020,2.400
290,-0.020,2.440
291,-0.020,2.400
292,-0.020,2.400
293,-0.020,2.400
294,-0.020,2.400
295,-0.020,2.360
296,-0.020,2.400
297,-0.020,2.360
298,-0.020,2.360
299,-0.020,2.360
300,-0.020,2.360
301,-0.020,2.320
302,-0.020,2.360
303,-0.020,2.320
304,-0.020,2.320
305,-0.020,2.280
306,-0.020,2.320
307,-0.040,2.280
308,-0.020,2.280
309,-0.040,2.240
310,-0.020,2.280
311,-0.040,2.240
312,-0.020,2.240
313,-0.040,2.200
314,-0.020,2.240
315,-0.040,2.200
316,-0.020,2.200
317,-0.040,2.160
318,-0.020,2.200
319,-0.040,2.160
320,-0.040,2.160
321,-0.040,2.120
322,-0.040,2.160
323,-0.040,2.080
324,-0.040,2.120
325,-0.040,2.080
326,-0.040,2.080
327,-0.040,2.040
328,-0.040,2.080
329,-0.040,2.000
330,-0.040,2.040
331,-0.040,2.000
332,-0.040,2.000
333,-0.040,1.960
334,-0.040,2.000
335,-0.040,1.920
336,-0.040,1.960
337,-0.060,1.920
338,-0.040,1.920
339,-0.040,1.880
340,-0.040,1.920
341,-0.060,1.840
342,-0.040,1.880
343,-0.060,1.800
344,-0.040,1.840
345,-0.060,1.760
346,-0.040,1.800
347,-0.060,1.720
348,-0.040,1.760
349,-0.060,1.720
350,-0.040,1.720
351,-0.060,1.680
352,-0.040,1.720
353,-0.060,1.640
354,-0.040,1.680
355,-0.060,1.600
356,-0.040,1.640
357,-0.060,1.560
358,-0.040,1.600
359,-0.060,1.520
360,-0.040,1.560
361,-0.060,1.480
362,-0.040,1.520
363,-0.060,1.440
364,-0.060,1.480
365,-0.060,1.400
366,-0.060,1.440
367,-0.060,1.360
368,-0.060,1.400
369,-0.060,1.320
370,-0.060,1.360
371,-0.060,1.280
372,-0.060,1.320
373,-0.060,1.240
374,-0.060,1.280
375,-0.060,1.200
376,-0.060,1.240
377,-0.060,1.160
378,-0.060,1.200
379,-0.060,1.120
380,-0.060,1.160
381,-0.060,1.080
382,-0.060,1.120
383,-0.060,1.040
384,-0.060,1.080
385,-0.060,1.000
386,-0.060,1.040
387,-0.080,0.960
388,-0.060,1.000
389,-0.080,0.920
390,-0.060,0.960
391,-0.060,0.880
392,-0.060,0.920
393,-0.080,0.840
394,-0.060,0.880
395,-0.060,0.800
396,-0.060,0.840
397,-0.080,0.760
398,-0.060,0.800
399,-0.080,0.680
400,-0.060,0.720
401,-0.080,0.640
402,-0.060,0.680
403,-0.080,0.600
404,-0.060,0.640
405,-0.080,0.560
406,-0.060,0.600
407,-0.080,0.520
408,-0.060,0.560
409,-0.080,0.480
410,-0.060,0.520
411,-0.060,0.400
412,-0.060,0.480
413,-0.080,0.360
414,-0.060,0.400
415,-0.080,0.320
416,-0.060,0.360
417,-0.080,0.280
418,-0.060,0.320
419,-0.080,0.240
420,-0.060,0.280
421,-0.080,0.200
422,-0.060,0.240
423,-0.080,0.120
424,-0.060,0.200
425,-0.080,0.080
426,-0.060,0.120
427,-0.080,0.040
428,-0.060,0.080
429,-0.080,0.000
430,-0.060,0.040
431,-0.080,-0.040
432,-0.060,0.000
433,-0.080,-0.080
434,-0.060,-0.040
435,-0.080,-0.160
436,-0.060,-0.120
437,-0.080,-0.200
438,-0.060,-0.160
439,-0.080,-0.240
440,-0.060,-0.200
441,-0.080,-0.280
442,-0.060,-0.240
443,-0.080,-0.320
444,-0.060,-0.280
445,-0.080,-0.400
446,-0.060,-0.320
447,-0.080,-0.400
448,-0.060,-0.360
449,-0.080,-0.480
450,-0.060,-0.440
451,-0.080,-0.520
452,-0.060,-0.480
453,-0.080,-0.560
454,-0.060,-0.520
455,-0.080,-0.600
456,-0.060,-0.560
457,-0.080,-0.640
458,-0.060,-0.600
459,-0.080,-0.720
460,-0.060,-0.640
461,-0.080,-0.760
462,-0.060,-0.720
463,-0.060,-0.800
464,-0.060,-0.760
465,-0.080,-0.840
466,-0.060,-0.800
467,-0.080,-0.880
468,-0.060,-0.840
469,-0.060,-0.920
470,-0.060,-0.880
471,-0.060,-0.960
472,-0.060,-0.920
473,-0.060,-1.000
474,-0.060,-0.960
475,-0.080,-1.040
476,-0.060,-1.000
477,-0.060,-1.080
478,-0.060,-1.040
479,-0.060,-1.120
480,-0.060,-1.080
481,-0.060,-1.160
482,-0.060,-1.160
483,-0.060,-1.200
484,-0.060,-1.160
485,-0.060,-1.280
486,-0.060,-1.240
487,-0.060,-1.280
488,-0.060,-1.240
489,-0.060,-1.320
490,-0.060,-1.320
491,-0.060,-1.400
492,-0.060,-1.320
493,-0.060,-1.400
494,-0.060,-1.360
495,-0.060,-1.440
496,-0.060,-1.400
497,-0.060,-1.480
498,-0.060,-1.480
499,-0.060,-1.520
500,-0.060,-1.480
501,-0.060,-1.560
502,-0.060,-1.520
503,-0.060,-1.600
504,-0.060,-1.560
505,-0.060,-1.640
506,-0.060,-1.600
507,-0.060,-1.680
508,-0.060,-1.640
509,-0.060,-1.720
510,-0.060,-1.680
511,-0.060,-1.760
512,-0.040,-1.720
513,-0.060,-1.800
514,-0.040,-1.760
515,-0.060,-1.800
516,-0.040,-1.760
517,-0.060,-1.840
518,-0.040,-1.800
519,-0.060,-1.880
520,-0.040,-1.840
521,-0.060,-1.920
522,-0.040,-1.880
523,-0.060,-1.920
524,-0.040,-1.920
525,-0.060,-1.960
526,-0.040,-1.920
527,-0.060,-2.000
528,-0.040,-1.960
529,-0.040,-2.000
530,-0.040,-2.000
531,-0.040,-2.040
532,-0.040,-2.040
533,-0.040,-2.080
534,-0.040,-2.040
535,-0.040,-2.120
536,-0.040,-2.080
537,-0.040,-2.120
538,-0.040,-2.120
539,-0.040,-2.160
540,-0.040,-2.120
541,-0.040,-2.160
542,-0.040,-2.160
543,-0.040,-2.200
544,-0.040,-2.160
545,-0.040,-2.200
546,-0.040,-2.200
547,-0.040,-2.240
548,-0.040,-2.200
549,-0.040,-2.240
550,-0.020,-2.240
551,-0.040,-2.280
552,-0.020,-2.240
553,-0.040,-2.280
554,-0.040,-2.280
555,-0.040,-2.320
556,-0.020,-2.280
557,-0.040,-2.320
558,-0.020,-2.320
559,-0.040,-2.360
560,-0.020,-2.320
561,-0.040,-2.360
562,-0.020,-2.360
563,-0.040,-2.360
564,-0.020,-2.360
565,-0.020,-2.400
566,-0.020,-2.360
567,-0.020,-2.400
568,-0.020,-2.400
569,-0.020,-2.400
570,-0.020,-2.400
571,-0.020,-2.440
572,-0.020,-2.400
573,-0.020,-2.440
574,-0.020,-2.440
575,-0.020,-2.440
576,-0.020,-2.440
577,-0.020,-2.440
578,-0.020,-2.440
579,-0.020,-2.480
580,-0.020,-2.440
581,-0.020,-2.480
582,-0.020,-2.480
583,-0.020,-2.480
584,-0.020,-2.480
585,-0.020,-2.480
586,0.000,-2.480
587,-0.020,-2.480
588,0.000,-2.480
589,-0.020,-2.480
590,0.000,-2.480
591,-0.020,-2.480
592,0.000,-2.480
593,0.000,-2.480
594,0.000,-2.480
595,-0.020,-2.480
596,0.000,-2.480
597,0.000,-2.480
598,0.000,-2.480
599,0.000,-2.480
600,0.000,-2.480
601,0.000,-2.480
602,0.000,-2.480
603,0.000,-2.480
604,0.000,-2.480
605,0.000,-2.480
606,0.000,-2.480
607,0.000,-2.480
608,0.000,-2.480
609,-0.020,-2.480
610,0.020,-2.480
611,0.000,-2.480
612,0.020,-2.440
613,0.000,-2.480
614,0.020,-2.440
615,0.000,-2.480
616,0.020,-2.440
617,0.000,-2.440
618,0.020,-2.440
619,0.000,-2.440
620,0.020,-2.440
621,0.000,-2.440
622,0.020,-2.400
623,0.000,-2.440
624,0.020,-2.400
625,0.000,-2.400
626,0.020,-2.400
627,0.000,-2.400
628,0.020,-2.360
629,0.020,-2.400
630,0.020,-2.360
631,0.020,-2.360
632,0.020,-2.360
633,0.020,-2.360
634,0.020,-2.320
635,0.020,-2.320
636,0.020,-2.320
637,0.020,-2.320
638,0.020,-2.320
639,0.020,-2.320
640,0.020,-2.280
641,0.020,-2.280
642,0.020,-2.280
643,0.020,-2.280
644,0.020,-2.240
645,0.020,-2.240
646,0.040,-2.240
647,0.020,-2.240
648,0.040,-2.200
649,0.020,-2.200
650,0.020,-2.200
651,0.020,-2.200
652,0.040,-2.160
653,0.020,-2.160
654,0.040,-2.120
655,0.020,-2.120
656,0.040,-2.120
657,0.020,-2.120
658,0.040,-2.080
659,0.020,-2.080
660,0.040,-2.040
661,0.040,-2.040
662,0.040,-2.040
663,0.040,-2.040
664,0.040,-2.000
665,0.040,-2.000
666,0.040,-1.960
667,0.040,-1.960
668,0.040,-1.960
669,0.040,-1.960
670,0.040,-1.920
671,0.040,-1.920
672,0.040,-1.880
673,0.040,-1.880
674,0.040,-1.840
675,0.040,-1.840
676,0.040,-1.800
677,0.040,-1.840
678,0.040,-1.800
679,0.040,-1.800
680,0.040,-1.760
681,0.040,-1.760
682,0.040,-1.720
683,0.040,-1.720
684,0.040,-1.680
685,0.040,-1.680
686,0.040,-1.640
687,0.040,-1.640
688,0.060,-1.600
689,0.040,-1.600
690,0.060,-1.600
691,0.040,-1.600
692,0.060,-1.560
693,0.040,-1.560
694,0.060,-1.520
695,0.040,-1.520
696,0.060,-1.480
697,0.040,-1.480
698,0.060,-1.440
699,0.040,-1.440
700,0.060,-1.400
701,0.040,-1.400
702,0.060,-1.360
703,0.040,-1.360
704,0.060,-1.320
705,0.040,-1.320
706,0.060,-1.280
707,0.060,-1.280
708,0.060,-1.240
709,0.040,-1.240
710,0.060,-1.200
711,0.060,-1.200
712,0.060,-1.160
713,0.060,-1.160
714,0.060,-1.120
715,0.060,-1.120
716,0.060,-1.080
717,0.060,-1.080
718,0.060,-1.040
719,0.060,-1.040
720,0.060,-0.960
721,0.060,-0.960
722,0.060,-0.920
723,0.060,-0.920
724,0.060,-0.880
725,0.060,-0.880
726,0.060,-0.840
727,0.060,-0.840
728,0.060,-0.800
729,0.060,-0.800
730,0.060,-0.760
731,0.060,-0.760
732,0.060,-0.720
733,0.060,-0.720
734,0.080,-0.680
735,0.060,-0.680
736,0.080,-0.640
737,0.060,-0.640
738,0.060,-0.600
739,0.060,-0.560
740,0.060,-0.520
741,0.060,-0.520
742,0.060,-0.480
743,0.060,-0.480
744,0.060,-0.440
745,0.060,-0.440
746,0.060,-0.400
747,0.060,-0.400
748,0.060,-0.360
749,0.060,-0.360
750,0.060,-0.320
751,0.060,-0.320
752,0.060,-0.240
753,0.060,-0.240
754,0.060,-0.200
755,0.060,-0.200
756,0.060,-0.160
757,0.060,-0.160
758,0.060,-0.120
759,0.060,-0.120
760,0.060,-0.080
761,0.060,-0.080
762,0.060,-0.040
763,0.060,0.000
764,0.060,0.040
765,0.060,0.040
766,0.060,0.080
767,0.060,0.080
768,0.060,0.120
769,0.060,0.120
770,0.060,0.160
771,0.060,0.160
772,0.060,0.200
773,0.060,0.200
774,0.060,0.240
775,0.060,0.280
776,0.080,0.320
777,0.060,0.320
778,0.060,0.360
779,0.060,0.360
780,0.060,0.400
781,0.060,0.400
782,0.080,0.440
783,0.060,0.440
784,0.060,0.480
785,0.060,0.480
786,0.080,0.520
787,0.060,0.520
788,0.060,0.600
789,0.060,0.600
790,0.060,0.640
791,0.060,0.640
792,0.060,0.680
793,0.060,0.680
794,0.060,0.720
795,0.060,0.720
796,0.060,0.760
797,0.060,0.760
798,0.060,0.800
799,0.060,0.800
800,0.060,0.840
801,0.060,0.840
802,0.060,0.880
803,0.060,0.920
804,0.060,0.920
805,0.060,0.960
806,0.060,1.000
807,0.060,1.000
808,0.060,1.040
809,0.060,1.040
810,0.060,1.080
811,0.060,1.080
812,0.060,1.120
813,0.060,1.120
814,0.060,1.160
815,0.060,1.160
816,0.060,1.200
817,0.060,1.200
818,0.060,1.240
819,0.060,1.240
820,0.060,1.280
821,0.060,1.280
822,0.060,1.320
823,0.040,1.320
824,0.060,1.360
825,0.040,1.360
826,0.060,1.400
827,0.060,1.400
828,0.060,1.440
829,0.040,1.440
830,0.060,1.480
831,0.040,1.480
832,0.060,1.520
833,0.040,1.520
834,0.060,1.560
835,0.040,1.560
836,0.060,1.600
837,0.040,1.600
838,0.060,1.640
839,0.040,1.640
840,0.060,1.640
841,0.040,1.640
842,0.060,1.680
843,0.040,1.680
844,0.060,1.720
845,0.040,1.720
846,0.060,1.760
847,0.040,1.760
848,0.060,1.800
849,0.040,1.800
850,0.060,1.840
851,0.040,1.840
852,0.040,1.840
853,0.040,1.840
854,0.040,1.880
855,0.040,1.880
856,0.040,1.920
857,0.040,1.920
858,0.040,1.960
859,0.040,1.960
860,0.040,2.000
861,0.040,1.960
862,0.040,2.000
863,0.040,2.000
864,0.040,2.040
865,0.040,2.040
866,0.040,2.040
867,0.020,2.040
868,0.040,2.080
869,0.040,2.080
870,0.040,2.120
871,0.040,2.120
872,0.040,2.120
873,0.020,2.120
874,0.040,2.160
875,0.040,2.160
876,0.040,2.200
877,0.020,2.200
878,0.040,2.200
879,0.020,2.200
880,0.040,2.240
881,0.020,2.240
882,0.040,2.240
883,0.020,2.240
884,0.040,2.280
885,0.020,2.280
886,0.020,2.280
887,0.020,2.280
888,0.040,2.320
889,0.020,2.320
890,0.020,2.320
891,0.020,2.320
892,0.020,2.320
893,0.020,2.320
894,0.020,2.360
895,0.020,2.360
896,0.020,2.360
897,0.020,2.360
898,0.020,2.400
899,0.020,2.400
900,0.020,2.400
901,0.020,2.400
902,0.020,2.400
903,0.020,2.400
904,0.020,2.440
905,0.020,2.440
906,0.020,2.440
907,0.020,2.440
908,0.020,2.440
909,0.000,2.440
910,0.020,2.440
911,0.000,2.440
912,0.020,2.480
913,0.000,2.440
914,0.020,2.480
915,0.000,2.480
916,0.020,2.480
917,0.000,2.480
918,0.020,2.480
919,0.000,2.480
920,0.000,2.480
921,0.000,2.480
922,0.000,2.480
923,0.000,2.480
924,0.000,2.480
925,0.000,2.480
926,0.000,2.480
927,0.000,2.480
928,0.000,2.480
929,0.000,2.480
930,0.000,2.480
931,0.000,2.480
932,0.000,2.480
933,0.000,2.480
934,0.000,2.480
935,-0.020,2.480
936,0.000,2.480
937,-0.020,2.480
938,0.000,2.480
939,-0.020,2.480
940,0.000,2.480
941,-0.020,2.480
942,0.000,2.480
943,-0.020,2.480
944,0.000,2.480
945,-0.020,2.480
946,0.000,2.480
947,-0.020,2.440
948,0.000,2.480
949,-0.020,2.440
950,0.000,2.480
951,-0.020,2.440
952,-0.020,2.440
953,-0.020,2.440
954,0.000,2.440
955,-0.020,2.400
956,-0.020,2.440
957,-0.020,2.400
958,-0.020,2.400
959,-0.020,2.400
960,-0.020,2.400
961,-0.020,2.400
962,-0.020,2.400
963,-0.020,2.360
964,-0.020,2.400
965,-0.020,2.360
966,-0.020,2.360
967,-0.020,2.320
968,-0.020,2.360
969,-0.020,2.320
970,-0.020,2.320
971,-0.040,2.320
972,-0.020,2.320
973,-0.040,2.280
974,-0.020,2.320
975,-0.040,2.280
976,-0.020,2.280
977,-0.040,2.240
978,-0.020,2.280
979,-0.040,2.240
980,-0.020,2.240
981,-0.040,2.200
982,-0.020,2.200
983,-0.040,2.160
984,-0.020,2.200
985,-0.040,2.160
986,-0.040,2.160
987,-0.040,2.120
988,-0.040,2.160
989,-0.040,2.120
990,-0.040,2.120
991,-0.040,2.080
992,-0.040,2.120
993,-0.040,2.040
994,-0.040,2.080
995,-0.040,2.040
996,-0.040,2.040
997,-0.040,2.000
998,-0.040,2.040
999,-0.040,1.960
1000,-0.040,2.000
1001,-0.040,1.920
1002,-0.040,1.960
1003,-0.040,1.920
1004,-0.040,1.920
1005,-0.040,1.880
1006,-0.040,1.920
1007,-0.060,1.840
1008,-0.040,1.880
1009,-0.060,1.800
1010,-0.040,1.840
1011,-0.060,1.800
1012,-0.040,1.800
1013,-0.060,1.760
1014,-0.040,1.800
1015,-0.060,1.720
1016,-0.040,1.760
1017,-0.060,1.680
1018,-0.040,1.720
1019,-0.060,1.640
1020,-0.040,1.680
1021,-0.060,1.600
1022,-0.040,1.640
1023,-0.060,1.560
1024,-0.060,1.600
1025,-0.060,1.520
1026,-0.040,1.560
1027,-0.060,1.520
1028,-0.040,1.520
1029,-0.060,1.440
1030,-0.040,1.480
1031,-0.060,1.440
1032,-0.040,1.480
1033,-0.080,1.400
1034,-0.060,1.440
1035,-0.060,1.360
1036,-0.060,1.400
1037,-0.080,1.320
1038,-0.060,1.360
1039,-0.060,1.280
1040,-0.040,1.320
1041,-0.060,1.240
1042,-0.060,1.280
1043,-0.060,1.200
1044,-0.060,1.240
1045,-0.060,1.160
1046,-0.060,1.200
1047,-0.060,1.080
1048,-0.060,1.160
1049,-0.080,1.040
1050,-0.060,1.080
1051,-0.060,1.000
1052,-0.060,1.040
1053,-0.060,0.960
1054,-0.060,1.000
1055,-0.060,0.920
1056,-0.060,0.960
1057,-0.080,0.880
1058,-0.060,0.920
1059,-0.060,0.840
1060,-0.060,0.880
1061,-0.080,0.800
1062,-0.060,0.840
1063,-0.080,0.760
1064,-0.060,0.800
1065,-0.080,0.720
1066,-0.060,0.760
1067,-0.080,0.640
1068,-0.060,0.720
1069,-0.080,0.600
1070,-0.060,0.640
1071,-0.080,0.560
1072,-0.060,0.600
1073,-0.080,0.520
1074,-0.060,0.560
1075,-0.080,0.480
1076,-0.060,0.520
1077,-0.080,0.440
1078,-0.060,0.480
1079,-0.080,0.400
1080,-0.060,0.440
1081,-0.080,0.320
1082,-0.060,0.400
1083,-0.080,0.280
1084,-0.060,0.320
1085,-0.080,0.240
1086,-0.060,0.280
1087,-0.080,0.200
1088,-0.060,0.240
1089,-0.080,0.160
1090,-0.060,0.200
1091,-0.080,0.120
1092,-0.060,0.160
1093,-0.080,0.080
1094,-0.060,0.120
1095,-0.080,0.000
1096,-0.060,0.040
1097,-0.080,-0.040
1098,-0.060,0.000
1099,-0.080,-0.080
1100,-0.060,-0.040
1101,-0.080,-0.120
1102,-0.060,-0.080
1103,-0.080,-0.160
1104,-0.060,-0.120
1105,-0.080,-0.240
1106,-0.060,-0.160
1107,-0.080,-0.280
1108,-0.060,-0.240
1109,-0.080,-0.320
1110,-0.060,-0.280
1111,-0.080,-0.360
1112,-0.060,-0.320
1113,-0.080,-0.400
1114,-0.060,-0.360
1115,-0.080,-0.440
1116,-0.060,-0.400
1117,-0.080,-0.480
1118,-0.060,-0.480
1119,-0.080,-0.560
1120,-0.060,-0.520
1121,-0.080,-0.600
1122,-0.060,-0.560
1123,-0.080,-0.640
1124,-0.060,-0.600
1125,-0.080,-0.680
1126,-0.060,-0.640
1127,-0.080,-0.720
1128,-0.060,-0.680
1129,-0.080,-0.760
1130,-0.060,-0.720
1131,-0.080,-0.840
1132,-0.060,-0.760
1133,-0.080,-0.840
1134,-0.060,-0.840
1135,-0.080,-0.920
1136,-0.060,-0.880
1137,-0.080,-0.960
1138,-0.060,-0.920
1139,-0.060,-1.000
1140,-0.060,-0.960
1141,-0.060,-1.040
1142,-0.060,-1.000
1143,-0.060,-1.080
1144,-0.060,-1.040
1145,-0.060,-1.120
1146,-0.060,-1.080
1147,-0.060,-1.160
1148,-0.060,-1.120
1149,-0.060,-1.200
1150,-0.060,-1.160
1151,-0.060,-1.240
1152,-0.060,-1.200
1153,-0.060,-1.280
1154,-0.060,-1.240
1155,-0.060,-1.320
1156,-0.060,-1.280
1157,-0.060,-1.360
1158,-0.060,-1.320
1159,-0.060,-1.400
1160,-0.060,-1.360
1161,-0.060,-1.440
1162,-0.060,-1.400
1163,-0.060,-1.480
1164,-0.060,-1.440
1165,-0.060,-1.520
1166,-0.060,-1.480
1167,-0.060,-1.560
1168,-0.060,-1.520
1169,-0.060,-1.600
1170,-0.060,-1.560
1171,-0.060,-1.640
1172,-0.060,-1.600
1173,-0.060,-1.680
1174,-0.060,-1.640
1175,-0.060,-1.720
1176,-0.040,-1.680
1177,-0.060,-1.720
1178,-0.040,-1.680
1179,-0.060,-1.760
1180,-0.040,-1.720
1181,-0.060,-1.800
1182,-0.040,-1.760
1183,-0.060,-1.840
1184,-0.040,-1.800
1185,-0.040,-1.880
1186,-0.040,-1.840
1187,-0.060,-1.880
1188,-0.040,-1.880
1189,-0.060,-1.920
1190,-0.040,-1.880
1191,-0.060,-1.960
1192,-0.040,-1.920
1193,-0.060,-1.960
1194,-0.040,-1.960
1195,-0.040,-2.000
1196,-0.040,-2.000
1197,-0.040,-2.040
1198,-0.040,-2.000
1199,-0.040,-2.080
1200,-0.040,-2.040
1201,-0.040,-2.080
1202,-0.040,-2.080
1203,-0.040,-2.120
1204,-0.040,-2.080
1205,-0.040,-2.160
1206,-0.040,-2.120
1207,-0.040,-2.160
1208,-0.040,-2.120
1209,-0.040,-2.200
1210,-0.040,-2.160
1211,-0.040,-2.200
1212,-0.040,-2.200
1213,-0.040,-2.240
1214,-0.040,-2.200
1215,-0.040,-2.240
1216,-0.040,-2.240
1217,-0.040,-2.280
1218,-0.020,-2.240
1219,-0.040,-2.280
1220,-0.020,-2.280
1221,-0.040,-2.320
1222,-0.020,-2.280
1223,-0.040,-2.320
1224,-0.020,-2.320
1225,-0.040,-2.360
1226,-0.020,-2.320
1227,-0.020,-2.360
1228,-0.020,-2.320
1229,-0.020,-2.360
1230,-0.020,-2.360
1231,-0.020,-2.400
1232,-0.020,-2.360
1233,-0.020,-2.400
1234,-0.020,-2.400
1235,-0.020,-2.400
1236,-0.020,-2.400
1237,-0.020,-2.440
1238,-0.020,-2.400
1239,-0.020,-2.440
1240,-0.020,-2.440
1241,-0.020,-2.440
1242,-0.020,-2.440
1243,-0.020,-2.440
1244,-0.020,-2.440
1245,-0.020,-2.480
1246,-0.020,-2.440
1247,-0.020,-2.480
1248,-0.020,-2.440
1249,-0.020,-2.480
1250,-0.020,-2.480
1251,-0.020,-2.480
1252,0.000,-2.480
1253,-0.020,-2.480
1254,0.000,-2.480
1255,-0.020,-2.480
1256,0.000,-2.480
1257,-0.020,-2.480
1258,0.000,-2.480
1259,-0.020,-2.480
1260,0.000,-2.480
1261,-0.020,-2.480
1262,0.000,-2.480
1263,0.000,-2.480
1264,0.000,-2.480
1265,-0.020,-2.480
1266,0.000,-2.480
1267,0.000,-2.480
1268,0.000,-2.480
1269,0.000,-2.480
1270,0.000,-2.480
1271,0.000,-2.480
1272,0.000,-2.480
1273,0.000,-2.480
1274,0.000,-2.480
1275,0.000,-2.480
1276,0.000,-2.480
1277,0.000,-2.480
1278,0.000,-2.480
1279,0.000,-2.480
1280,0.000,-2.440
1281,0.000,-2.440
1282,0.020,-2.440
1283,0.000,-2.440
1284,0.020,-2.440
1285,0.000,-2.440
1286,0.020,-2.440
1287,0.000,-2.440
1288,0.020,-2.440
1289,0.000,-2.440
1290,0.020,-2.400
1291,0.000,-2.400
1292,0.020,-2.400
1293,0.000,-2.400
1294,0.020,-2.400
1295,0.020,-2.400
1296,0.020,-2.360
1297,0.020,-2.360
1298,0.020,-2.360
1299,0.020,-2.360
1300,0.020,-2.360
1301,0.020,-2.360
1302,0.020,-2.320
1303,0.020,-2.320
1304,0.020,-2.320
1305,0.020,-2.320
1306,0.020,-2.280
1307,0.020,-2.280
1308,0.020,-2.280
1309,0.020,-2.280
1310,0.020,-2.240
1311,0.020,-2.240
1312,0.020,-2.240
1313,0.020,-2.240
1314,0.020,-2.200
1315,0.020,-2.200
1316,0.040,-2.200
1317,0.020,-2.200
1318,0.040,-2.160
1319,0.020,-2.160
1320,0.040,-2.120
1321,0.020,-2.160
1322,0.040,-2.120
1323,0.020,-2.120
1324,0.040,-2.080
1325,0.020,-2.080
1326,0.040,-2.080
1327,0.020,-2.080
1328,0.040,-2.040
1329,0.020,-2.040
1330,0.040,-2.000
1331,0.040,-2.000
1332,0.040,-2.000
1333,0.040,-2.000
1334,0.040,-1.960
1335,0.040,-1.960
1336,0.040,-1.920
1337,0.040,-1.920
1338,0.040,-1.880
1339,0.040,-1.880
1340,0.040,-1.880
1341,0.040,-1.880
1342,0.040,-1.840
1343,0.040,-1.840
1344,0.040,-1.800
1345,0.040,-1.800
1346,0.040,-1.760
1347,0.040,-1.760
1348,0.040,-1.720
1349,0.040,-1.720
1350,0.040,-1.720
1351,0.040,-1.720
1352,0.060,-1.680
1353,0.040,-1.680
1354,0.060,-1.640
1355,0.040,-1.640
1356,0.040,-1.600
1357,0.040,-1.600
1358,0.060,-1.560
1359,0.040,-1.560
1360,0.060,-1.520
1361,0.040,-1.520
1362,0.060,-1.480
1363,0.040,-1.480
1364,0.060,-1.440
1365,0.040,-1.440
1366,0.060,-1.400
1367,0.040,-1.400
1368,0.060,-1.360
1369,0.040,-1.360
1370,0.060,-1.320
1371,0.040,-1.320
1372,0.060,-1.280
1373,0.060,-1.280
1374,0.060,-1.240
1375,0.060,-1.240
1376,0.060,-1.200
1377,0.060,-1.200
1378,0.060,-1.160
1379,0.060,-1.160
1380,0.060,-1.120
1381,0.060,-1.120
1382,0.060,-1.080
1383,0.060,-1.080
1384,0.060,-1.040
1385,0.060,-1.040
1386,0.060,-1.000
1387,0.060,-1.000
1388,0.060,-0.960
1389,0.060,-0.960
1390,0.060,-0.920
1391,0.060,-0.920
1392,0.060,-0.880
1393,0.060,-0.880
1394,0.060,-0.840
1395,0.060,-0.800
1396,0.060,-0.760
1397,0.060,-0.760
1398,0.060,-0.720
1399,0.060,-0.720
1400,0.060,-0.680
1401,0.060,-0.680
1402,0.060,-0.640
1403,0.060,-0.640
1404,0.060,-0.600
1405,0.060,-0.600
1406,0.060,-0.560
1407,0.060,-0.560
1408,0.060,-0.520
1409,0.060,-0.520
1410,0.060,-0.440
1411,0.060,-0.440
1412,0.060,-0.400
1413,0.060,-0.400
1414,0.060,-0.360
1415,0.060,-0.360
1416,0.060,-0.320
1417,0.060,-0.320
1418,0.080,-0.280
1419,0.060,-0.280
1420,0.060,-0.240
1421,0.060,-0.240
1422,0.060,-0.160
1423,0.060,-0.160
1424,0.060,-0.120
1425,0.060,-0.120
1426,0.060,-0.080
1427,0.060,-0.080
1428,0.060,-0.040
1429,0.060,-0.040
1430,0.080,0.000
1431,0.060,0.000
1432,0.060,0.040
1433,0.060,0.080
1434,0.080,0.080
1435,0.060,0.120
1436,0.080,0.160
1437,0.060,0.160
1438,0.080,0.200
1439,0.060,0.200
1440,0.060,0.240
1441,0.060,0.240
1442,0.060,0.280
1443,0.060,0.280
1444,0.060,0.320
1445,0.060,0.360
1446,0.060,0.360
1447,0.060,0.400
1448,0.060,0.440
1449,0.060,0.440
1450,0.080,0.480
1451,0.060,0.480
1452,0.080,0.520
1453,0.040,0.520
1454,0.080,0.560
1455,0.060,0.560
1456,0.060,0.600
1457,0.060,0.600
1458,0.060,0.640
1459,0.060,0.640
1460,0.060,0.720
1461,0.060,0.720
1462,0.080,0.760
1463,0.060,0.760
1464,0.060,0.800
1465,0.060,0.800
1466,0.060,0.840
1467,0.060,0.840
1468,0.060,0.880
1469,0.060,0.880
1470,0.080,0.920
1471,0.060,0.920
1472,0.060,0.960
1473,0.060,0.960
1474,0.060,1.000
1475,0.060,1.000
1476,0.060,1.040
1477,0.060,1.040
1478,0.060,1.080
1479,0.060,1.120
1480,0.060,1.160
1481,0.060,1.160
1482,0.060,1.200
1483,0.060,1.200
1484,0.060,1.240
1485,0.060,1.240
1486,0.060,1.280
1487,0.060,1.280
1488,0.060,1.320
1489,0.060,1.320
1490,0.060,1.360
1491,0.040,1.360
1492,0.060,1.400
1493,0.060,1.400
1494,0.060,1.440
1495,0.040,1.440
1496,0.060,1.480
1497,0.060,1.480
1498,0.060,1.520
1499,0.040,1.480
1500,0.060,1.520
1501,0.040,1.520
1502,0.060,1.560
1503,0.040,1.560
1504,0.060,1.600
1505,0.040,1.600
1506,0.060,1.640
1507,0.040,1.640
1508,0.060,1.680
1509,0.040,1.680
1510,0.060,1.720
1511,0.040,1.720
1512,0.060,1.760
1513,0.040,1.760
1514,0.060,1.760
1515,0.040,1.800
1516,0.060,1.800
1517,0.040,1.800
1518,0.040,1.840
1519,0.040,1.840
1520,0.040,1.880
